5.801079750061035 1.7115436792373657 1.335749864578247
3.2099359035491943 1.5787534713745117 0.7337114214897156
8.544134140014648 3.996476650238037 0.973837673664093
5.131389141082764 3.0197741985321045 0.6954931616783142
4.309354305267334 0.9285475611686707 0.6515464186668396
6.5835466384887695 2.817622661590576 0.8332784175872803
4.9639363288879395 1.3679919242858887 0.7539809346199036
4.1581292152404785 1.765619158744812 0.9657692909240723
5.614712238311768 5.730783462524414 0.9985554814338684
6.085109710693359 3.6430516242980957 1.729248285293579
25.61274528503418 4.303863525390625 1.2617528438568115
8.220071792602539 1.988548755645752 1.1704342365264893
3.505105495452881 0.8048861026763916 0.6621111035346985
12.348038673400879 1.6316890716552734 1.0169148445129395
6.845288276672363 2.2942824363708496 0.9831269979476929
5.187389373779297 4.923407077789307 1.7031919956207275
3.9945216178894043 0.9278832674026489 0.5449073910713196
8.98378849029541 7.345888614654541 1.802268624305725
7.23798131942749 3.52249813079834 1.4084563255310059
3.7760791778564453 1.3050609827041626 0.42223453521728516
4.095424652099609 5.418843746185303 0.7268040776252747
6.337235927581787 1.951407551765442 1.3941007852554321
4.10064172744751 0.9208585023880005 0.5136223435401917
4.843667030334473 3.1973376274108887 0.9730700254440308
56.12709045410156 2.297978401184082 1.7066209316253662
5.251687526702881 3.5258066654205322 0.9520897269248962
8.172696113586426 7.808574199676514 1.8603838682174683
7.543745517730713 5.70982551574707 0.9243038892745972
3.7040650844573975 1.3968992233276367 0.4654565453529358
5.248554229736328 2.261561155319214 0.7275351285934448
6.285200595855713 0.8129484057426453 0.8533214330673218
5.81885290145874 3.9045634269714355 1.1334840059280396
8.500740051269531 6.963842391967773 1.1351656913757324
11.48207950592041 3.2919459342956543 2.315558671951294
4.585456371307373 2.419325113296509 1.1188409328460693
25.01846694946289 2.7859694957733154 0.6655949354171753
8.020293235778809 16.54327964782715 2.8634607791900635
5.530728340148926 2.124876022338867 0.8231267333030701
3.816589593887329 0.8266764283180237 0.6268332600593567
10.86474323272705 3.2591748237609863 0.6552881002426147
2.4250752925872803 0.9059289693832397 0.5908600091934204
3.4668309688568115 2.8758175373077393 0.6745246052742004
4.526637554168701 1.0393532514572144 1.153902292251587
5
